image_width: 1440
image_height: 1080
camera_name: narrow_stereo
camera_matrix:
  rows: 3
  cols: 3
  data: [ 3.5883317814837610e+03, 0., 7.1950000000000000e+02, 0.,
       3.5883317814837610e+03, 5.3950000000000000e+02, 0., 0., 1. ]
distortion_model: plumb_bob
distortion_coefficients:
  rows: 1
  cols: 5
  data: [ -3.8968756661570285e-02, 2.8383885360753974e-01, 0., 0.,
       -1.3244453720218824e-01 ]
rectification_matrix:
  rows: 3
  cols: 3
  data: [1., 0., 0.,
         0., 1., 0.,
         0., 0., 1.]
projection_matrix:
  rows: 3
  cols: 4
  data: [1790.52356,    0.     ,  710.04861,    0.     ,
            0.     , 1794.3208 ,  562.32704,    0.     ,
            0.     ,    0.     ,    1.     ,    0.     ]
