image_width: 1440
image_height: 1080
camera_name: narrow_stereo
camera_matrix:
  rows: 3
  cols: 3
  data: [ 2.4925140229206786e+03, 0., 7.1950000000000000e+02, 0.,
       2.4925140229206786e+03, 5.3950000000000000e+02, 0., 0., 1. ]
distortion_model: plumb_bob
distortion_coefficients:
  rows: 1
  cols: 5
  data: [ -6.5947506654370830e-03, 2.9303353991234932e-01, 0., 0.,
       -3.9618787358502700e-01 ]
rectification_matrix:
  rows: 3
  cols: 3
  data: [1., 0., 0.,
         0., 1., 0.,
         0., 0., 1.]
projection_matrix:
  rows: 3
  cols: 4
  data: [1790.52356,    0.     ,  710.04861,    0.     ,
            0.     , 1794.3208 ,  562.32704,    0.     ,
            0.     ,    0.     ,    1.     ,    0.     ]
